445496144
445602662
445637468
445861346
445861943
445862540
445865775
445866517
445891117
445891597
445892077
445892557
445893065
445893573
445894081
445894589
445895097
445895529
445896850
445899370
445900968
445902922
445904520
445906118
445907716
445909314
445911202
445922804
445923404
445924004
445924604
445925204
445925804
445926404
445927004
445927604
445928204
445928804
445929404
445930004
445930604
445931204
445931804
445932404
445933004
445933604
445934204
445940962
445941540
445944273
445945039
445946205
445946423
445946527
445946631
445946735
445946839
445946943
445947047
445947151
445947255
445948642
445949438
445950234
445951030
445951184
445951338
445951492
445951646
445951800
445951954
445952108
445952262
445952416
445952570
445952724
445952878
445953032
445953186
445953340
445953494
445953648
445953802
445953956
445954110
445955094
445956078
445956180
445956282
445956384
445956486
445956588
445956690
445956792
445956894
445956996
445957620
445958244
445958336
445958428
445958520
445958612
445958704
445958796
445958888
445958980
445959072
445959164
445959256
445959348
445959440
445959532
445959624
445959716
445959808
445959900
445959992
445960084
445960176
445960268
445960360
445960452
445960544
445960636
445960728
445960820
445961071
445961739
445962407
445963075
445963743
445964411
445965079
445965747
445966415
445967083
445967751
445968419
445969087
445969755
445970423
445971091
445971759
445972427
446011855
446012365
446012875
446013385
446013895
446014405
446014915
446015425
446015935
446017621
446018160
446031739
446031831
446031923
446032015
446032107
446032199
446032291
446032383
446032475
446032567
446032659
446032751
446032843
446032935
446033027
446033119
446033211
446033303
446033395
446033487
446033579
446034491
446035403
446036315
446037227
446038139
446039051
446039963
446040875
446041809
446042377
446042950
446043042
446043134
446043226
446043318
446043410
446043502
446043594
446043686
446043803
446044519
446045235
446045951
446046667
446047383
446048099
446048815
446049531
446050247
446050967
446051575
446052183
446052979
446053775
446054391
446055007
446055623
446056239
446056855
446057471
446058087
446064863
446065479
446066095
446066905
446067715
446068525
446069335
446070145
446070955
446071765
446095223
446096147
446097071
446097995
446098919
446099843
446100767
446101691
446102615
446103539
446104463
446105387
446106311
446107235
446152537
446152941
446153345
446153749
446154153
446154557
446154961
446155365
446155769
446156173
446156577
446156981
446157385
446157789
446158193
446158597
446159001
446159405
446159809
446160213
446160710
446161862
446163014
446164166
446165318
446166470
446167622
446168774
446169926
446171078
446172230
446173382
446174534
446175686
446176838
446177990
446179142
446180294
446181446
446182598
446183810
446183820
446185368
446185956
446186926
446187896
446188866
446189836
446190806
446191776
446192746
446193716
446194686
446195656
446196626
446197596
446198566
446199536
446200506
446201476
446202446
446203416
446204386
446205051
446206671
446207336
446208956
446209116
446210273
446210938
446212558
446213223
446214843
446215508
446216160
446216825
446218445
446219110
446220730
446220820
446222047
446222699
446224332
446224984
446225649
446227269
446227934
446228586
446230219
446230871
446231646
446233156
446233821
446234473
446236106
446236758
446237423
446239043
446239708
446240360
446241993
446242645
446272726
446274024
446275322
446276620
446277918
446279216
446280514
446281812
446283110
446284408
446285706
446287004
446288302
446289600
446290898
446292196
446293494
446294792
446296090
446297388
446298016
446299314
446299942
446300570
446301198
446301826
446302454
446303082
446305578
446797614
446797954
446798294
446798634
446798974
446799314
446799654
446799994
446800334
446800674
446801014
446801354
446801694
446802034
446802374
446802714
446803054
446803394
446803734
446804074
446807763
446808313
446808863
446809413
446809963
446810513
446811063
446811613
446812163
446812713
446813263
446813813
446814363
446814913
446815463
446816013
446816563
446817113
446817663
446819395
446820239
446821083
446821634
446855812
446856432
446857052
446857672
446858292
446858912
446859532
446860152
446860772
446861392
446862012
446862632
446863252
446863872
446864492
446865112
446865732
446866352
446866972
446867592
446887748
446888350
446888952
446889554
446890156
446890758
446891360
446891962
446892564
446893166
446893768
446894370
446894972
446895574
446896176
446896778
446897380
446897982
446898584
446899186
446940951
446941693
446942435
446943177
446943919
446944661
446945403
446946145
446946887
446947629
446948371
446949113
446949855
446950597
446951339
446952081
446952823
446953565
446993806
446994722
446995638
446996554
446997470
446998386
446999302
447000218
447001134
447002050
447002966
447003882
447004798
447005714
447006630
447007546
447008462
447009378
447010294
447011210
447031006
447031940
447032874
447033808
447034742
447035676
447036610
447037544
447038478
447039412
447040346
447041280
447042214
447043148
447044082
447045016
447045950
447046884
447047818
447048752
447210606
447211378
447212150
447212922
447213694
447214466
447215238
447216010
447216782
447217554
447218326
447219098
447219870
447220642
447221414
447222186
447222958
447223730
447224502
447225274
447366380
447367944
447369508
447371072
447372636
447374200
447375764
447377328
447378892
447380456
447382020
447383584
447385148
447386712
447388276
447389840
447391404
447392968
447394532
447396096
447415980
447416924
447417868
447418812
447419756
447420700
447421644
447422588
447423532
447424476
447425420
447426364
447427308
447428252
447429196
447430140
447431084
447432028
447432972
447433916
447454010
447454030
447459562
447460312
447464170
447465138
447467214
447469212
447471822
447472262
447476430
447477398
447479474
447481862
447484082
447485050
447488690
447489658
447493298
447494266
447495398
447498420
447500006
447501918
447504614
447506526
447507658
447511134
447511774
447515742
447516710
447518786
447519516
447523394
447525022
447528002
447529914
447531046
447534522
447535654
447623162
447691207
447691753
447692299
447692845
447693391
447693937
447694483
447695029
447695575
447710885
447711601
447712317
448157128
448157936
448158744
448159552
448160360
448161168
448176901
448177761
448178621
448179481
448180341
448181201
448182061
448182921
448183781
448184641
448185501
448186361
448187221
448188081
448188941
448189801
448190661
448191521
448192381
448193241
448305811
448305830
448309476
448310378
448313142
448313172
448316808
448317710
448320474
448321376
448324140
448325042
448327806
448328708
448330538
448332374
448334204
448335816
448337870
448339212
448341536
448342718
448345202
448346104
448348868
448349770
448352534
448353436
448356200
448357102
448359866
448360768
448363532
448364434
448367198
448368100
448370864
448372632
448415895
448416649
448417403
448418157
448418911
448419665
448420419
448421173
448421927
448422681
448423435
448424189
448424943
448425697
448426451
448427205
448427959
448428713
448429467
448430221
448430975
448432327
448433679
448435031
448436383
448437735
448439087
448440439
448441791
448443143
448444495
448445847
448447199
448448551
448449903
448451255
448452607
448453959
448455311
448456663
448581892
448582540
448617618
448622908
448627340
448631120
448635552
448639332
448643764
448648196
448650794
448656408
448659016
448664424
448668084
448671864
448674992
448678120
448681248
448684324
448686322
448688584
448705330
448706242
448707154
448708066
448708978
448709890
448710802
448711714
448712626
448713538
448714450
448715362
448716274
448717186
448718098
448719010
448719922
448720834
448721746
448722658
448898029
448898963
448899897
448900831
448901765
448902699
448903633
448904567
448905501
448906435
448907369
448908303
448909237
448910171
448911105
448912039
448912973
448913907
448914841
448915775
449065332
449065956
449066580
449067204
449067828
449068452
449069076
449069700
449070324
449070948
449071572
449072196
449072820
449073444
449074068
449074692
449075316
449075940
449076564
449077188
449189711
449190475
449191399
449192479
449195345
449195894
449197189
449197635
449207780
449208330
449208880
449210703
449211667
449213847
449214275
449215003
449215431
449216159
449217563
449218029
449235077
449235687
449390530
449390540
449395240
449399124
449403048
449406972
449409580
449414270
449418194
449420436
449422118
449423160
449426042
449426808
449428650
449430732
449432574
449433340
449436498
449437264
449438306
449441188
449441688
449445112
449445772
449449036
449449802
449451644
449454526
449457684
449459846
449462684
449484630
449485472
449486314
449487156
449487998
449488840
449501722
449502378
449503034
449503690
449504346
449505002
449505658
449506314
449506970
449507626
449508282
449508938
449509594
449510250
449510906
449511562
449512218
449512874
449513530
449514186
449540362
449540412
449541656
449542238
449542950
449543532
449543702
449544826
449545408
449546120
449546702
449547414
449547996
449548426
449549290
449549872
449550454
449551036
449551618
449552200
449552782
449553364
449602330
450056653
450056913
450060467
450061649
450064933
450066415
450070051
450071233
450074517
450076351
450079635
450081469
450084753
450086717
450089871
450091705
450094989
450096823
450100107
450101941
450105225
450107059
450109691
450111815
450114809
450116643
450117613
450120457
450121639
450124271
450125453
450128085
450129267
450131899
450133081
450135713
450136895
450139527
450140709
450143341
450177474
450178084
450178694
450179304
450179914
450180524
450181134
450181744
450182354
450182964
450183574
450184184
450184794
450185404
450186014
450186624
450187234
450187844
450189725
450190525
450191325
450192125
450192925
450193725
450194525
450195325
450196125
450196925
450197725
450198525
450199325
450200125
450200925
450201725
450202525
450203325
450204125
450204925
450205966
450206568
450207170
450207772
450208374
450208976
450209578
450210180
450210782
450211384
450211986
450212588
450213190
450213792
450214394
450214996
450215598
450216200
450216802
450217404
450229697
450230363
450231029
450270610
450271530
450272450
450273370
450274290
450275210
450276130
450277050
450277970
450278890
450279810
450280730
450281650
450282570
450283490
450284410
450285330
450285838
450303186
450303782
450320842
450321964
450323086
450324208
450325330
450325886
450326442
450326998
450327554
450328110
450328666
450329222
450329778
450330334
450330890
450331446
450332024
450332602
450333180
450336074
450358182
450358796
450359410
450360024
450360638
450361252
450361866
450362480
450363094
450363708
450364322
450364936
450365550
450366164
450366778
450367392
450368006
450368620
450370366
450371052
450371738
450372424
450373110
450373796
450374482
450375168
450375854
450376540
450377226
450377912
450378598
450379284
450379970
450380656
450381342
450382028
450382714
450383400
450384086
450384742
450400342
450401105
450401868
450402631
450437450
450438162
450438874
450439586
450467767
450468639
450469511
450470383
450471255
450472127
450472999
450473871
450474743
450475615
450476487
450477359
450478231
450479103
450479975
450480847
450481719
450482591
450483463
450484335
450494365
450495017
450495669
450496321
450496973
450497625
450730255
450740887
450758800
450759582
450760364
450889816
451620290
452069752
452236626
452589041
453010101
453227920
453230260
453232254
453234248
453455680
453456538
453457396
453458254
453459112
453459970
453460828
453461686
453462544
453463402
453464260
453465368
453466366
453466834
453467692
453468550
453469018
453469486
453469954
453470422
453528052
453528878
453529704
453530530
453531356
453532182
453533008
453533834
453534660
453535486
453536312
453537138
453540215
453541025
453541835
453542645
453543455
453544265
453545075
453545885
453546695
453547505
453548315
453549125
453549935
453550745
453551555
453552365
453553175
453553985
453554795
453555605
453560022
453560768
453561514
453562260
453563006
453563752
453564498
453565244
453565990
453566736
453567482
453568228
453568974
453569720
453570466
453571212
453571958
453572704
453573450
453574196
453901871
453903630
453905062
453906212
453907686
453909044
453910174
453911164
453912600
453913720
453914866
453916244
453917478
453918858
453919638
453920950
453922308
453923614
453924930
453925884
453929214
453929686
453930158
453930808
453931484
453931576
453931668
453932391
453935307
453936275
453937324
453938067
453938810
453939553
453940296
453940412
453940472
453941068
453942738
453945986
453946416
453946846
453947276
453947546
453947816
453948086
453948356
453948500
453950712
453951326
453953482
453954056
453954630
453955863
453957008
453961660
453962444
453963228
453964012
453964427
453964842
453965257
453965672
453966087
453966583
453967079
453967527
453967975
453968423
453968871
453976935
453977633
453978331
453978859
453979387
453979915
453980279
453980643
454000233
454000565
454000897
454001229
454001561
454001893
454002225
454002557
454002935
454003313
454003691
454004069
454004447
454004615
454004783
454004951
454005119
454005287
454005455
454005623
454005791
454005959
454006127
454006295
454006463
454006631
454028410
454028413
454029404
454030778
454031212
454032212
454033146
454034342
454034902
454036098
454037294
454038490
454039686
454040882
454041512
454042638
454043834
454045030
454046226
454047422
454048572
454049178
454050374
454054114
454054234
454054354
454054474
454054594
454054714
454054834
454054954
454055074
454055194
454055314
454055434
454055554
454055674
454055794
454055914
454056034
454056154
454056274
454056394
454056514
454056990
454057466
454057942
454058418
454058894
454059370
454059846
454060322
454060798
454061274
454061750
454062322
454062894
454063146
454063398
454064008
454064618
454065218
454080378
454081046
454081714
454082266
454082818
454083394
454083970
454099026
454099816
454100606
454101396
454102186
454102976
454103766
454104556
454105346
454106136
454106926
454107542
454108158
454108482
454108806
454115938
454116268
454116598
454116928
454117258
454117588
454117918
454118248
454118578
454118908
454119238
454119568
454119898
454120228
454120558
454120888
454121218
454121548
454121878
454122208
454122538
454122846
454123154
454123462
454123770
454124078
454124386
454124694
454125002
454125310
454125618
454125926
454126234
454126542
454126850
454127158
454127466
454127774
454128082
454128390
454128698
454129020
454129342
454129664
454129986
454130308
454130630
454130952
454131274
454131596
454131918
454132240
454132562
454132884
454133206
454133528
454133850
454134172
454134494
454134816
454145662
454146510
454147358
454148442
454149526
454149628
454149730
454149832
454149934
454150036
454150138
454150240
454150342
454150444
454150874
454151304
454155404
454155546
454155688
454155734
454155780
454155886
454155992
454156098
454156204
454156310
454156416
454156522
454156628
454156734
454156840
454156946
454157052
454157158
454157264
454157370
454157476
454157582
454157688
454157794
454157900
454158006
454158112
454158218
454158324
454158430
454158536
454158642
454158748
454158854
454158960
454159066
454159172
454159278
454159384
454159490
454159596
454159702
454159838
454159974
454160110
454160246
454160382
454160518
454160654
454160790
454160926
454161062
454161198
454161334
454161470
454161606
454161610
454161614
454161618
454161622
454161626
454161630
454161634
454161638
454161642
454161820
454161998
454162176
454162354
454162532
454162710
454162888
454163248
454163426
454163604
454163964
454164142
454164320
454164498
454164676
454166012
454166566
454167120
454167428
454195983
454195987
454195991
454195995
454195999
454196003
454196213
454196217
454196915
454196955
454196959
454197575
454198001
454198617
454199135
454199751
454200269
454200885
454201403
454201953
454202537
454203055
454203671
454257499
454258233
454258967
454259701
454260435
454285813
454286147
454286481
454286815
454287149
454287505
454287861
454288217
454288573
454288929
454289285
454289641
454289997
454290353
454290709
454291065
454291421
454291777
454292133
454292489
454292845
454293201
454293557
454323152
454323324
454323496
454324304
454354696
454355002
454355308
454355614
454355920
454356226
454356532
454356838
454357144
454357450
454357756
454358062
454358368
454358674
454358980
454359366
454359752
454373791
454373877
454373963
454374047
454374117
454374427
454374511
454374595
454376397
454376487
454376577
454376667
454376757
454376847
454376937
454377027
454377117
454377207
454377297
454377387
454377477
454377567
454377657
454377747
454377837
454377927
454378017
454378107
454378417
454379288
454387923
454388171
454388419
454388997
454389505
454390015
454390591
454391099
454391607
454392115
454392247
454392379
454392595
454392811
454393295
454393779
454394263
454394705
454395147
454395729
454396311
454396771
454397231
454397803
454398375
454398379
454398383
454398387
454398391
454398395
454398399
454398403
454398407
454398411
454398415
454398419
454398423
454398427
454398431
454398511
454398785
454399062
454399413
454399417
454400387
454401053
454401719
454401723
454401763
454401787
454401791
454401795
454401855
454401859
454401863
454401923
454401927
454401931
454401991
454401995
454401999
454402059
454402063
454402067
454402117
454402131
454402135
454402139
454402199
454402203
454402207
454402267
454402271
454402331
454402391
454402451
454402511
454402571
454402631
454402691
454402751
454402811
454412187
454412191
454412195
454412199
454412345
454412349
454412353
454412357
454412361
454412471
454412511
454412515
454412815
454412951
454413011
454413101
454413105
454413109
454413113
454413259
454413263
454413267
454413271
454413411
454413421
454413425
454413555
454413861
454414007
454414153
454414299
454414709
454414877
454415023
454415169
454415219
454415747
454416179
454416183
454416187
454416191
454416195
454416199
454416371
454417267
454417645
454433225
454433892
454437933
454438451
454438969
454439617
454440265
454440913
454441561
454442179
454442797
454443561
454444325
454445089
454445853
454446055
454446257
454446459
454446661
454446863
454447065
454447267
454453813
454454371
454454929
454455735
454456541
454456669
454456797
454456925
454457323
454457721
454457863
454458005
454458147
454458947
454459747
454460117
454460487
454460857
454461227
454461597
454461967
454462337
454462707
454463635
454464563
454465491
454466413
454467335
454467857
454468379
454468901
454469423
454469945
454470403
454470861
454471319
454471777
454472235
454472693
454473151
454480265
454480634
454481130
454481290
454481995
454482491
454482860
454483356
454483852
454484221
454484717
454485086
454485296
454485951
454486320
454486689
454487058
454487427
454487796
454488165
454488534
454488903
454489272
454489641
454490010
454490379
454490748
454491117
454491993
454492869
454493745
454494384
454495023
454495662
454496120
454496578
454497036
454497494
454497952
454498410
454513468
454513860
454514252
454514858
454515464
454516070
454516676
454517282
454517888
454518494
454519100
454519706
454520312
454520918
454521524
454522130
454522736
454523342
454523828
454524314
454524800
454525286
454525772
454526258
454526744
454527230
454527716
454528400
454529084
454529612
454530140
454530668
454531196
454531724
454532252
454532780
454533308
454533836
454534364
454534892
454535224
454535556
454535919
454546585
454547041
454547497
454548753
454549299
454549845
454550391
454550937
454551483
454552029
454552575
454553121
454553667
454554213
454554759
454555305
454555711
454556008
454556663
454557069
454557615
454558161
454558707
454559253
454559799
454560345
454560891
454561294
454561697
454562103
454562753
454563403
454572813
454573257
454574271
454575285
454576299
454576743
454589007
454589667
454590327
454590987
454591647
454592307
454592967
454593555
454594143
454594459
454594529
454595403
454596031
454596659
454597287
454597915
454598543
454599171
454599799
454600427
454601055
454601683
454602279
454602875
454603413
454603951
454604283
454604615
454604947
454605279
454605611
454605943
454605947
454605951
454605955
454606015
454606237
454606241
454606245
454606249
454606253
454606257
454606535
454606539
454606543
454606547
454606551
454606555
454606559
454606563
454606567
454606571
454606575
454606579
454606583
454606587
454606591
454606595
454606599
454606603
454606831
454607059
454607287
454607515
454618915
454619019
454619123
454619227
454619331
454619435
454619539
454619643
454619747
454619851
454619955
454620059
454620163
454620267
454620371
454623035
454623187
454623339
454623491
454623643
454623735
454623827
454623919
454624011
454624103
454624195
454624287
454624379
454624471
454624563
454624655
454624747
454624839
454624931
454625023
454625115
454625207
454625299
454625391
454625483
454625611
454625739
454625867
454625995
454626123
454626251
454626379
454626507
454626635
454626763
454626785
454626807
454626829
454626851
454626873
454626895
454626917
454626939
454626961
454626983
454627005
454627027
454627049
454627071
454627093
454627115
454627137
454627159
454627181
454641434
454641770
454642954
454643290
454643802
454644810
454645020
454645658
454645994
454647178
454648362
454648874
454650058
454651242
454651754
454652938
454654122
454655306
454655818
454657002
454658186
454659370
454659882
454661066
454662250
454666794
454666834
454666874
454666914
454666954
454666994
454667034
454667074
454667114
454667154
454667194
454667234
454667274
454667314
454667354
454667394
454667434
454667474
454667514
454667554
454667594
454668230
454668866
454669502
454670138
454670774
454671410
454685576
454685704
454685832
454685960
454686088
454686216
454686344
454686472
454686600
454686728
454686856
454686984
454687112
454687240
454687368
454687496
454687624
454687752
454687880
454688008
454688136
454688498
454701340
454702584
454703828
454705072
454715650
454716138
454716626
454717114
454717602
454718090
454718578
454719066
454719554
454720042
454720530
454721018
454721506
454733614
454733618
454733622
454733626
454733630
454733634
454733638
454733642
454733646
454733650
454733654
454733658
454733662
454733666
454733670
454735304
454735584
454736190
454736442
454736694
454737112
454738510
454739438
454742060
454742932
454743837
454746129
454747085
454747331
454748967
454750369
454751771
454753173
454753743
454758007
454758505
454759003
454759609
454760147
454760721
454761581
454762459
454763017
454763575
454764001
454767243
454768494
454787789
454788312
454804611
454804901
454805191
454805535
454805879
454806223
454806567
454806911
454807255
454807599
454807943
454808287
454808631
454808975
454809319
454809663
454810007
454810351
454810695
454811039
454811383
454811727
454812071
454812737
454813403
454814069
454814327
454814585
454814843
454834281
454834455
454834629
454835883
454836257
454836631
454837005
454837379
454837753
454838127
454838501
454838875
454839249
454839623
454839997
454840371
454840745
454841119
454841493
454841867
454842241
454842615
454842989
454843363
454843419
454843475
454843531
454843587
454843643
454843699
454843755
454843811
454843867
454843923
454843979
454844035
454844091
454844147
454844203
454844259
454844315
454844371
454844427
454844483
454844575
454844667
454844759
454844851
454844973
454845095
454845217
454845339
454845461
454845583
454845705
454845827
454845949
454845953
454845989
454845993
454845997
454846033
454846037
454846073
454846077
454846081
454846117
454846121
454846157
454846161
454846197
454846201
454846205
454846241
454846245
454846249
454846285
454846289
454846325
454846329
454846365
454846369
454846405
454846409
454846413
454846449
454846485
454846521
454846557
454846593
454846629
454846665
454846701
454855181
454855367
